196
164
37
0
112
219
142
161
213
44
166
21
22
142
34
157
4
5
228
175
104
56
20
3
44
165
83
134
103
88
85
200
11
38
56
225
25
63
117
178
200
32
116
71
1
96
144
251
106
19
116
16
49
47
70
25
170
48
185
11
60
179
6
30
39
24
101
117
97
49
61
80
231
195
70
49
18
43
39
42
209
72
17
13
40
128
71
91
101
107
202
2
14
89
86
8
148
88
11
62
27
127
104
206
35
40
59
25
210
14
122
136
201
50
40
135
122
43
84
56
64
150
156
1
132
88
232
24
62
35
1
57
113
189
87
88
90
31
106
17
203
27
22
66
95
36
14
161
103
27
29
143
62
71
34
31
92
108
60
94
2
4
149
107
101
181
3
157
47
89
124
81
101
141
47
16
1
166
64
27
46
82
17
54
161
53
50
161
47
107
